NUM_VESSELS=3.000000
NUTRITION_PER_SIZE_POINT=0.010000
ENERGY_PER_EGG=3.000000
HEALTH_REDUCTION_ON_LOW_ENERGY=10.000000
MIN_ENERGY_MATING=90.000000
COLOR_BY_TENDENCY=1.000000
MUTATION_GAUSSIAN_VARIANCE=0.300000
VESSEL_TRAVEL_DISTANCE=600.000000
MAX_MOVES_CORRESPONDING_TO_SPEED=3.000000
COMPATIBILITY_MIDPOINT=0.750000
DATACOLLECTOR_APPEND_DELAY=100.000000
FISH_CARNIVORE_EFFICIENCY_PENALTY=2.000000
FISH_GAMMA=1.000000
VISION_RANGE=3.000000
INITIAL_MAX_PLANKTON_DENSITY=300000.000000
MAX_ATTACK_DAMAGE=20.000000
EXPECTED_MUTATION_AMOUNT=8.000000
FISH_HERBIVORE_EFFICIENCY_PENALTY=10.000000
FISHING_QUOTAS_MIN=300.000000
LOAD_PLANKTON=200000.000000
TIME_BEFORE_HATCH=50.000000
HEALTH_POINTS_PER_SIZE_POINTS=1.000000
FISHING_QUOTAS_MAX=3000.000000
MORPHOLOGY=0.500000
FISH_SPEED_PENALTY=2.000000
PLANKTON_GAMMA=1.000000
ENERGY_CONSUMPTION_PER_ATTACK_DAMAGE=0.020000
WIDTH_STEEPNESS=20.000000
VESSEL_SCALE=2.000000
MIN_PREDATION_TENDENCY=0.200000
MIN_ENERGY_HEALTH_INCREASE=80.000000
NUM_INITIAL_FISH=3000.000000
PLANKTON_GROWTH_PER_TIMESTEP=1300.000000
MATING_ENERGY_CONSUMPTION=140.000000
FISH_SIZE_PENALTY=2.000000
MIN_COMPATIBILITY_MATING=0.800000
TARGET_FPS=7.000000
ENERGY_HEALTH_INCREASE=5.000000
FISH_GROWTH_RATE_PER_TIMESTEP=0.030000
COMPATIBILITY_STEEPNESS=40.000000
MATING_DELAY=600.000000
QUOTAS=1500.000000
ENERGY_POINTS_PER_SIZE_POINTS=2.000000
CARCASS_DECAY_PER_TIMESTEP=0.200000
ENERGY_SPEED_CORRELATION=90.000000
FISH_ATTACK_ABILITY_PENALTY=2.000000
MAX_PLANKTON=140000.000000
MIN_MORPHOLOGY=0.100000
MAX_MORPHOLOGY=0.800000
ADD_PLANKTON=100000.000000
MAX_FISH_SIZE=100.000000
