NUM_VESSELS=3.000000
GAMMA=0.600000
ENERGY_PER_EGG=1.000000
SPEED_SIZE=2.000000
ENERGY_CONSUMPTION_PER_ATTACK_DAMAGE=0.100000
WIDTH_STEEPNESS=20.000000
MIN_PREDATION_TENDENCY=0.400000
NUM_INITIAL_SUBJECTS=1200.000000
VESSEL_TRAVEL_DISTANCE=600.000000
PLANKTON_GROWTH_PER_TIMESTEP=300.000000
COMPATIBILITY_MIDPOINT=0.850000
MIN_COMPATIBILITY_MATING=0.800000
HEALTH_SIZE=400.000000
MAX_ATTACK_DAMAGE=1.000000
EXPECTED_MUTATION_AMOUNT=6.000000
COMPATIBILITY_STEEPNESS=50.000000
ENERGY_SIZE=400.000000
FISHING_QUOTAS_MIN=300.000000
LOAD_PLANKTON=200000.000000
MUTATION_GAUSSIAN_MEAN=0.100000
QUOTAS=1500.000000
GROWTH_PER_TIME_STEP=300.000000
MAX_PLANKTON=1000000.000000
LOAD_FISH=1200.000000
MIN_MORPHOLOGY=0.100000
MAX_MORPHOLOGY=0.800000
FISHING_QUOTAS_MAX=3000.000000
ADD_PLANKTON=100000.000000
MORPHOLOGY=0.500000
MAX_FISH_SIZE=100.000000
